MSE: 118.51813279651667
MSE: 119.1965753569414
MSE: 122.67521049561898
